,State,Year,Bicycle,Carpool,Drove alone,Public transportation,"Taxi, motorcycle, or other",Walked,Worked at home,Alternative Transportation
0,Alabama,2010,0.00118969,0.100058972,0.84472394,0.004080401,0.008120838,0.013245932,0.028580226,0.12669583299999998
1,Alabama,2011,0.001477519,0.099342949,0.848533795,0.004776084,0.008864092,0.010831046,0.026174515,0.12529169
2,Alabama,2012,0.001122882,0.094800038,0.852860887,0.004107931,0.009290032,0.011963536,0.025854694,0.121284419
3,Alabama,2013,0.000979023,0.08533986,0.86361079,0.004835628,0.009511446,0.010488957,0.025234295,0.111154914
4,Alabama,2014,0.0016967,0.085645498,0.858899905,0.004122692,0.009686534,0.011438031,0.02851064,0.11258945499999999
5,Alabama,2015,0.000871392,0.089849348,0.854974567,0.003015326,0.008596114,0.01100052,0.031692733,0.1133327
6,Alabama,2016,0.001027669,0.080385118,0.861186319,0.003084954,0.009285546,0.011628241,0.033402153,0.105411528
7,Alabama,2017,0.001008024,0.084985494,0.856648082,0.003543266,0.008524607,0.011556515,0.033734012,0.109617906
8,Alabama,2018,0.000701637,0.07867332,0.862994555,0.00337666,0.008888695,0.010839354,0.034525778,0.10247966600000001
9,Alabama,2019,0.00139455,0.086711383,0.851668352,0.004155065,0.009844322,0.012281036,0.033945292,0.114386356
10,Alabama,2020,,0.078360709,0.81369521,0.003474662,0.018706504,,0.085762915,0.100541875
11,Alabama,2021,0.001006655,0.076352935,0.805016928,0.002298683,0.009658347,0.009264458,0.096401993,0.09858107799999999
12,Alaska,2010,0.013225634,0.132128215,0.670063828,0.011746413,0.039257594,0.078820933,0.054757384,0.275178789
13,Alaska,2011,0.010201361,0.123987534,0.682232487,0.018562004,0.040920129,0.075713135,0.048383351,0.269384163
14,Alaska,2012,0.011061035,0.133139073,0.66171575,0.016114783,0.048296674,0.073865501,0.055807184,0.282477066
15,Alaska,2013,0.00995595,0.129866173,0.666819462,0.018416551,0.043750839,0.088228389,0.042962636,0.290217902
16,Alaska,2014,0.009133907,0.120322039,0.694524945,0.013092583,0.044208,0.079980847,0.038737678,0.266737376
17,Alaska,2015,0.011157474,0.125973972,0.679135165,0.015445845,0.044632652,0.079325208,0.044329684,0.276535151
18,Alaska,2016,0.009922713,0.121988732,0.690433402,0.012075391,0.037687016,0.07615131,0.051741436,0.257825162
19,Alaska,2017,0.007751607,0.118292426,0.693078495,0.016587813,0.045259934,0.073527821,0.045501904,0.261419601
20,Alaska,2018,0.012388753,0.122700146,0.679859202,0.012329665,0.042349108,0.077649879,0.052723247,0.267417551
21,Alaska,2019,0.006643588,0.119993368,0.699592065,0.00964235,0.050144221,0.070701036,0.043283373,0.257124563
22,Alaska,2020,,0.111065791,0.639187298,0.010842486,0.123918319,,0.114986106,0.245826596
23,Alaska,2021,0.008526156,0.110781865,0.661998412,0.008671554,0.039149943,0.067749787,0.103122283,0.23487930499999998
24,Arizona,2010,0.008506625,0.116392349,0.764840633,0.017861127,0.014865901,0.019982539,0.057550826,0.17760854099999998
25,Arizona,2011,0.011012903,0.116467509,0.758428158,0.019831603,0.017282327,0.021968829,0.055008671,0.186563171
26,Arizona,2012,0.009044766,0.110429331,0.76716799,0.020065435,0.018640272,0.020164634,0.054487572,0.178344438
27,Arizona,2013,0.009719904,0.110382795,0.762538887,0.023593086,0.018494793,0.020687244,0.054583291,0.18287782200000002
28,Arizona,2014,0.010862087,0.104437362,0.769272904,0.020347211,0.018036144,0.019955205,0.057089086,0.173638009
29,Arizona,2015,0.010265449,0.106169995,0.770593577,0.020583317,0.016408441,0.020911624,0.055067598,0.17433882599999997
30,Arizona,2016,0.008309213,0.109806635,0.764971134,0.018500854,0.016651503,0.018317422,0.06344324,0.17158562700000002
31,Arizona,2017,0.008188196,0.110036777,0.765407385,0.017981952,0.01564992,0.019901819,0.062833952,0.171758664
32,Arizona,2018,0.008061209,0.109816524,0.761437554,0.016921262,0.018722756,0.017412034,0.067628661,0.170933785
33,Arizona,2019,0.007690101,0.106487569,0.756369452,0.016792719,0.017807241,0.019061048,0.07579187,0.16783867800000002
34,Arizona,2020,,0.093300163,0.675934226,0.011310021,0.039329146,,0.180126443,0.14393933
35,Arizona,2021,0.004061053,0.088864222,0.65844538,0.009382705,0.016149399,0.015651866,0.207445375,0.134109245
36,Arkansas,2010,0.000608499,0.112846339,0.819992039,0.004941401,0.013926954,0.018108956,0.029575813,0.15043214900000001
37,Arkansas,2011,0.001762572,0.10296446,0.827446442,0.004335285,0.011390507,0.018733597,0.033367137,0.13918642099999998
38,Arkansas,2012,0.000781738,0.11181527,0.822269797,0.004661233,0.009611969,0.016259985,0.034600008,0.14313019500000002
39,Arkansas,2013,0.002092847,0.101428695,0.834147582,0.00474406,0.012785988,0.016523683,0.028277145,0.137575273
40,Arkansas,2014,0.002280595,0.108849988,0.82530804,0.00325845,0.009451265,0.017743027,0.033108635,0.14158332499999998
41,Arkansas,2015,0.001338878,0.107660011,0.826263397,0.004620646,0.011921442,0.017580157,0.030615469,0.14312113399999998
42,Arkansas,2016,0.001349059,0.101687906,0.831022035,0.003358414,0.010419228,0.020129924,0.032033434,0.136944531
43,Arkansas,2017,0.001824188,0.098632561,0.83348782,0.002955528,0.008274387,0.018032779,0.036792737,0.129719443
44,Arkansas,2018,0.001750759,0.104398417,0.826201437,0.003849671,0.01090958,0.015410983,0.037479153,0.13631941
45,Arkansas,2019,0.001508929,0.107092121,0.824055168,0.004028126,0.008838124,0.01930775,0.035169781,0.14077505
46,Arkansas,2020,,0.096472492,0.79509365,0.003268852,0.02624851,,0.078916497,0.125989854
47,Arkansas,2021,0.000938133,0.088090452,0.789156346,0.001892322,0.009044916,0.013482507,0.097395324,0.11344833
48,California,2010,0.010050325,0.115035699,0.731725233,0.051524686,0.012896795,0.026994107,0.051773155,0.21650161199999998
49,California,2011,0.011008803,0.110973675,0.732523769,0.051581763,0.012726313,0.027758344,0.053427333,0.214048898
50,California,2012,0.011205026,0.110845321,0.733913173,0.051794088,0.012725623,0.026866868,0.0526499,0.213436926
51,California,2013,0.011329677,0.109010636,0.732126773,0.053142801,0.014637424,0.027331738,0.05242095,0.215452276
52,California,2014,0.011579244,0.10508037,0.734816133,0.052995997,0.014464217,0.027109882,0.053954158,0.21122971000000001
53,California,2015,0.010904541,0.100391089,0.738994772,0.052376549,0.015424542,0.026898443,0.055010064,0.205995164
54,California,2016,0.010296759,0.103007862,0.735580287,0.050783311,0.015194611,0.026867789,0.058269382,0.206150332
55,California,2017,0.009062407,0.100284221,0.739142908,0.050193637,0.015825112,0.02583836,0.059653356,0.20120373700000002
56,California,2018,0.008566894,0.100070847,0.738332035,0.049369802,0.017258721,0.026393504,0.060008196,0.20165976800000002
57,California,2019,0.008577621,0.098304769,0.735062387,0.051835984,0.017158072,0.025613698,0.063447468,0.20149014399999998
58,California,2020,,0.088240514,0.646334452,0.032431092,0.043598477,,0.189395465,0.164270083
59,California,2021,0.005963669,0.084022432,0.636838236,0.020679928,0.017202113,0.021266862,0.21402676,0.149135004
60,Colorado,2010,0.011351665,0.100422058,0.754673815,0.029618607,0.010259042,0.029784581,0.063890232,0.18143595299999998
61,Colorado,2011,0.013540118,0.097576509,0.754563014,0.031093558,0.011433366,0.029255195,0.06253824,0.18289874600000003
62,Colorado,2012,0.015095362,0.096829872,0.744113443,0.032290935,0.01165869,0.033754229,0.06625747,0.189629088
63,Colorado,2013,0.013062319,0.097127718,0.74653265,0.033466373,0.011541279,0.029349476,0.068920186,0.184547165
64,Colorado,2014,0.013381695,0.096280024,0.756280397,0.032953528,0.009462554,0.02661383,0.065027973,0.17869163100000002
65,Colorado,2015,0.012302727,0.084112791,0.764749479,0.029527786,0.009771315,0.028412607,0.071123294,0.16412722600000001
66,Colorado,2016,0.010891863,0.089610118,0.750092785,0.029175561,0.010703625,0.030057685,0.079468363,0.170438852
67,Colorado,2017,0.010988307,0.085503596,0.748765664,0.032171357,0.011259871,0.026758084,0.084553121,0.166681215
68,Colorado,2018,0.012011628,0.085527799,0.749274436,0.027559621,0.010295247,0.02977546,0.085555809,0.165169755
69,Colorado,2019,0.011279009,0.085809527,0.741908984,0.031925427,0.010907448,0.026934413,0.091235192,0.16685582399999999
70,Colorado,2020,,0.071954543,0.65361796,0.018600181,0.046709135,,0.20911818,0.137263859
71,Colorado,2021,0.007751166,0.070631983,0.636725744,0.013222027,0.011592665,0.022602555,0.23747386,0.125800396
72,Connecticut,2010,0.002533353,0.079596842,0.796774806,0.044969659,0.008450368,0.028313124,0.039361848,0.163863346
73,Connecticut,2011,0.002968287,0.086952278,0.781334449,0.046769073,0.009621364,0.030021834,0.042332715,0.176332836
74,Connecticut,2012,0.003330971,0.082335788,0.785794917,0.047723663,0.009638812,0.029783172,0.041392678,0.172812406
75,Connecticut,2013,0.002978419,0.082885409,0.779452998,0.051341585,0.008570082,0.031498322,0.043273185,0.177273817
76,Connecticut,2014,0.003252484,0.080764917,0.781314361,0.047994811,0.009041475,0.031414054,0.046217897,0.172467741
77,Connecticut,2015,0.0023766,0.078337575,0.784492429,0.049357038,0.007773863,0.029792665,0.04786983,0.167637741
78,Connecticut,2016,0.002986101,0.081915542,0.777193132,0.049392247,0.008943178,0.027393699,0.0521761,0.170630767
79,Connecticut,2017,0.003083802,0.078548931,0.782796963,0.046940382,0.009526997,0.02782396,0.051278965,0.16592407200000003
80,Connecticut,2018,0.001809239,0.081482126,0.779123925,0.044418938,0.010272061,0.02627468,0.056619032,0.164257044
81,Connecticut,2019,0.00351121,0.075460669,0.783296507,0.045179755,0.008704816,0.028068523,0.05577852,0.160924973
82,Connecticut,2020,,0.065319118,0.677665505,0.033396776,0.042072423,,0.181546178,0.140788317
83,Connecticut,2021,0.001869311,0.073956699,0.666047124,0.024589454,0.013491086,0.025325935,0.19472039,0.139232485
84,Delaware,2010,0.001559236,0.094712457,0.803813446,0.029979408,0.011016127,0.022383701,0.036535625,0.15965092900000002
85,Delaware,2011,0.00222135,0.088832298,0.811262387,0.032737199,0.00765185,0.021100411,0.036194505,0.15254310799999998
86,Delaware,2012,0.003230754,0.080676396,0.814756698,0.02542174,0.009267972,0.022636608,0.044009832,0.14123347
87,Delaware,2013,0.004042102,0.090784385,0.803391399,0.03522437,0.007663939,0.02148075,0.037413055,0.159195546
88,Delaware,2014,0.002428893,0.076206511,0.815036134,0.02906161,0.010573504,0.022331553,0.044361795,0.140602071
89,Delaware,2015,0.003746745,0.078770034,0.813787023,0.027435327,0.007053762,0.021884343,0.047322766,0.13889021099999999
90,Delaware,2016,0.003023315,0.089827503,0.810043415,0.026768172,0.006982309,0.018592929,0.044762358,0.145194228
91,Delaware,2017,0.003635266,0.071219648,0.82047681,0.022280514,0.008584428,0.022206231,0.051597103,0.127926087
92,Delaware,2018,0.002787675,0.091162717,0.79584146,0.021550363,0.008122251,0.023679775,0.056855759,0.147302781
93,Delaware,2019,0.00231943,0.08544385,0.806614257,0.023545668,0.007801133,0.022642469,0.051633194,0.14175254999999998
94,Delaware,2020,,0.078082469,0.697300444,0.013883303,0.044254139,,0.166479645,0.136219911
95,Delaware,2021,0.003541721,0.062715875,0.704769591,0.016261215,0.014116445,0.013006779,0.185588375,0.109642035
96,District of Columbia,2010,0.031302554,0.059416885,0.347937597,0.383018162,0.010606066,0.117603643,0.050115093,0.60194731
97,District of Columbia,2011,0.031515543,0.064510872,0.331227734,0.3958918,0.010948465,0.117991793,0.047913794,0.620858473
98,District of Columbia,2012,0.041371423,0.056404706,0.340611327,0.385996327,0.0102777,0.11895089,0.046387628,0.6130010459999999
99,District of Columbia,2013,0.045400152,0.05305268,0.323117845,0.384883379,0.013360114,0.136336784,0.043849046,0.633033109
100,District of Columbia,2014,0.03885595,0.055867453,0.35133008,0.360596627,0.012691583,0.131069603,0.049588704,0.599081216
101,District of Columbia,2015,0.041094513,0.051531481,0.335984923,0.357769091,0.013441296,0.140067011,0.060111685,0.603903392
102,District of Columbia,2016,0.045960288,0.050684145,0.330316617,0.360158916,0.016098663,0.136701969,0.060079403,0.609603981
103,District of Columbia,2017,0.049613725,0.05193404,0.343787629,0.326716927,0.027372263,0.126871437,0.07370398,0.582508392
104,District of Columbia,2018,0.042762158,0.051161254,0.341962433,0.344254537,0.025477522,0.133050455,0.061331641,0.596705926
105,District of Columbia,2019,0.040240698,0.055172878,0.329627499,0.34152245,0.025578032,0.134254868,0.073603574,0.596768926
106,District of Columbia,2020,,0.03356395,0.271926653,0.205045172,0.140030588,,0.349433637,0.37863971
107,District of Columbia,2021,0.021195764,0.030483034,0.256145614,0.116184085,0.025669923,0.067397672,0.482923908,0.260930478
108,Florida,2010,0.006484384,0.096270329,0.799243959,0.020469427,0.014877876,0.016527385,0.04612664,0.154629401
109,Florida,2011,0.005801514,0.099062173,0.797170253,0.02097016,0.01569443,0.015240594,0.046060877,0.156768871
110,Florida,2012,0.006970447,0.097445105,0.793145172,0.021705208,0.015533162,0.015663901,0.049537005,0.157317823
111,Florida,2013,0.006971048,0.094193251,0.796402915,0.021009155,0.015378781,0.015264574,0.050780276,0.152816809
112,Florida,2014,0.007446195,0.090676792,0.797401711,0.020773086,0.015366903,0.014392634,0.053942678,0.14865561
113,Florida,2015,0.007091022,0.089493454,0.796822379,0.022031053,0.014804334,0.014205805,0.055551952,0.147625668
114,Florida,2016,0.006189586,0.091581082,0.791579295,0.020511445,0.015062343,0.015040309,0.06003594,0.148384765
115,Florida,2017,0.005745648,0.090905573,0.793572391,0.017359657,0.01685437,0.01415124,0.06141112,0.14501648800000003
116,Florida,2018,0.006151829,0.093620387,0.79059449,0.016511517,0.017425794,0.013596343,0.06209964,0.14730587
117,Florida,2019,0.005950449,0.091418123,0.781438335,0.015912636,0.019734265,0.015719282,0.06982691,0.148734755
118,Florida,2020,,0.085781304,0.721508724,0.012176146,0.036024778,,0.144509047,0.133982228
119,Florida,2021,0.004392221,0.084707817,0.704878159,0.009748974,0.016934687,0.012974629,0.166363514,0.128758328
120,Georgia,2010,0.002063611,0.103029511,0.793348703,0.022735176,0.015823366,0.01470244,0.048297193,0.15835410400000002
121,Georgia,2011,0.002804451,0.105439493,0.793759875,0.021511539,0.013406289,0.016468294,0.046610059,0.159630066
122,Georgia,2012,0.001964336,0.104311334,0.795998602,0.019694156,0.013324779,0.016887215,0.047819577,0.15618182000000003
123,Georgia,2013,0.002281147,0.103084803,0.795974052,0.020753098,0.014306045,0.015026578,0.048574278,0.155451671
124,Georgia,2014,0.002417291,0.101444132,0.795794406,0.021098315,0.01411719,0.015544222,0.049584444,0.15462115
125,Georgia,2015,0.001985405,0.099465824,0.796153356,0.023040922,0.013246494,0.0151847,0.050923299,0.152923345
126,Georgia,2016,0.002597069,0.096383733,0.793356511,0.021365209,0.014348703,0.015528373,0.056420403,0.150223087
127,Georgia,2017,0.00241585,0.098846627,0.787335123,0.021389078,0.016549223,0.015658072,0.057806026,0.15485885
128,Georgia,2018,0.002084428,0.094170329,0.793688079,0.020071842,0.015976591,0.014930799,0.059077933,0.147233989
129,Georgia,2019,0.002000692,0.092571524,0.783679841,0.019822378,0.017558289,0.014926129,0.069441147,0.146879012
130,Georgia,2020,,0.083445749,0.712385545,0.014537933,0.031845875,,0.157784898,0.129829557
131,Georgia,2021,0.001454013,0.08264913,0.700152728,0.007091626,0.01492712,0.011896253,0.18182913,0.118018142
132,Hawaii,2010,0.0086004,0.137743327,0.665891266,0.066232057,0.02523068,0.045095429,0.05120684,0.282901893
133,Hawaii,2011,0.008010005,0.142195667,0.67122213,0.059420486,0.024548428,0.049081472,0.045521812,0.28325605800000003
134,Hawaii,2012,0.011780325,0.152966712,0.652123129,0.06739265,0.024322933,0.047443519,0.043970732,0.303906139
135,Hawaii,2013,0.013499969,0.134587759,0.675649792,0.061225734,0.028864771,0.042125316,0.04404666,0.28030354900000004
136,Hawaii,2014,0.011043888,0.135288359,0.663505712,0.071883019,0.027176426,0.046598789,0.044503806,0.291990481
137,Hawaii,2015,0.009161401,0.135426449,0.673936111,0.069895051,0.024105068,0.041206445,0.046269474,0.279794414
138,Hawaii,2016,0.00731379,0.136203827,0.669436144,0.0674494,0.023168801,0.04712344,0.049304597,0.28125925799999996
139,Hawaii,2017,0.00934598,0.132573987,0.675680705,0.06145845,0.022875562,0.054533134,0.043532181,0.280787113
140,Hawaii,2018,0.006545777,0.147204369,0.672976866,0.05736142,0.025715251,0.036579178,0.053617139,0.273405995
141,Hawaii,2019,0.00580862,0.132559895,0.692725693,0.053659231,0.021963935,0.045582999,0.047699627,0.25957468
142,Hawaii,2020,,0.113395448,0.662050697,0.037711206,0.080449246,,0.106393404,0.2315559
143,Hawaii,2021,0.007251147,0.13914961,0.653451438,0.032949558,0.019790679,0.040143856,0.107263713,0.23928485000000002
144,Idaho,2010,0.0121124,0.099226442,0.777532796,0.008075929,0.010880858,0.032076812,0.060094762,0.162372441
145,Idaho,2011,0.00891663,0.098243424,0.774271066,0.006892555,0.015443602,0.034602467,0.061630257,0.16409867799999997
146,Idaho,2012,0.010288564,0.100645633,0.777781918,0.008491398,0.015189928,0.028819158,0.058783401,0.163434681
147,Idaho,2013,0.009694291,0.095562523,0.788177729,0.006944993,0.013726405,0.030824861,0.055069199,0.15675307300000002
148,Idaho,2014,0.011507591,0.097630452,0.789296723,0.008036137,0.009752267,0.02169379,0.062083041,0.148620237
149,Idaho,2015,0.008158811,0.107547717,0.77061304,0.008034987,0.012089899,0.032001154,0.061554392,0.167832568
150,Idaho,2016,0.011717941,0.095665982,0.792890107,0.005685047,0.009304252,0.026166882,0.05856979,0.14854010399999998
151,Idaho,2017,0.008286832,0.101877393,0.790711616,0.006277786,0.013416038,0.022574965,0.056855371,0.15243301399999998
152,Idaho,2018,0.007573097,0.089385707,0.797141178,0.007989699,0.011012897,0.02479601,0.062101412,0.14075741
153,Idaho,2019,0.007560673,0.092148458,0.782931825,0.007694132,0.008972714,0.026890734,0.073801464,0.14326671100000002
154,Idaho,2020,,0.081200333,0.723462248,0.00492763,0.048559405,,0.141850384,0.134687368
155,Idaho,2021,0.00754101,0.081979819,0.743577551,0.004792386,0.01073481,0.018825545,0.132548879,0.12387356999999999
156,Illinois,2010,0.00577058,0.086737887,0.737663653,0.085398433,0.010524182,0.03088409,0.043021176,0.21931517199999997
157,Illinois,2011,0.005980413,0.088260182,0.733084807,0.090000854,0.010447123,0.031274189,0.040952433,0.225962761
158,Illinois,2012,0.006933324,0.088849727,0.735883166,0.085422542,0.010261819,0.031478992,0.041170429,0.222946404
159,Illinois,2013,0.005520433,0.083483014,0.736225242,0.091345886,0.010008935,0.031404611,0.042011879,0.221762879
160,Illinois,2014,0.006159079,0.079782913,0.734466734,0.094014159,0.010980272,0.030847357,0.043749486,0.22178378
161,Illinois,2015,0.006616922,0.079189601,0.735876386,0.092972927,0.010881357,0.03041989,0.044042916,0.22008069700000002
162,Illinois,2016,0.006911432,0.076909298,0.731417472,0.09353778,0.011752991,0.030174993,0.049296034,0.219286494
163,Illinois,2017,0.006173555,0.07778421,0.730413836,0.095993243,0.012074962,0.028904662,0.048655533,0.22093063200000002
164,Illinois,2018,0.006310499,0.082521506,0.726815068,0.094034549,0.011172582,0.027689997,0.051455798,0.221729133
165,Illinois,2019,0.00569983,0.076114949,0.724185047,0.096499825,0.013044367,0.03019962,0.054256362,0.221558591
166,Illinois,2020,,0.06992301,0.659375217,0.061964216,0.041441914,,0.167295642,0.17332914
167,Illinois,2021,0.005227345,0.073638056,0.649458914,0.038303183,0.014722055,0.026092376,0.19255807,0.157983015
168,Indiana,2010,0.004065786,0.085312979,0.838454931,0.009733214,0.00766658,0.021859929,0.03290658,0.128638488
169,Indiana,2011,0.005098729,0.088264848,0.835519732,0.010540607,0.008552069,0.020553318,0.031470697,0.133009571
170,Indiana,2012,0.005423117,0.093581183,0.824255256,0.011275792,0.010408553,0.021776756,0.033279342,0.142465401
171,Indiana,2013,0.004832248,0.088145663,0.83033814,0.01184832,0.011777386,0.019898817,0.033159428,0.136502434
172,Indiana,2014,0.004466842,0.090131452,0.831530588,0.010742257,0.009535992,0.019865935,0.033726934,0.134742478
173,Indiana,2015,0.004708855,0.086245222,0.830813523,0.010850016,0.008909482,0.022838892,0.035634011,0.133552467
174,Indiana,2016,0.004123108,0.0852654,0.832302047,0.010119654,0.008856749,0.021337431,0.037995611,0.129702342
175,Indiana,2017,0.004369029,0.087410646,0.824315394,0.009309336,0.010792228,0.020970635,0.042832733,0.13285187399999998
176,Indiana,2018,0.003644699,0.089043477,0.828720557,0.009276471,0.011337244,0.019462857,0.038514694,0.132764748
177,Indiana,2019,0.004144733,0.094985856,0.816339424,0.009179946,0.009616511,0.022644362,0.043089169,0.14057140799999998
178,Indiana,2020,,0.088169726,0.759719014,0.006918014,0.031643294,,0.113549952,0.12673103400000002
179,Indiana,2021,0.003816463,0.077680244,0.765840387,0.005582215,0.008335786,0.020114866,0.11863004,0.115529574
180,Iowa,2010,0.005220304,0.097019565,0.793260246,0.010998841,0.009275916,0.035890745,0.048334385,0.158405371
181,Iowa,2011,0.004707685,0.089099691,0.805275806,0.010903746,0.00885822,0.035041618,0.046113236,0.14861096000000001
182,Iowa,2012,0.005099037,0.090445661,0.798968692,0.010867228,0.011219449,0.036396393,0.04700354,0.15402776799999998
183,Iowa,2013,0.005526304,0.085967245,0.808611652,0.010974418,0.010129835,0.037174606,0.04161594,0.149772408
184,Iowa,2014,0.004887775,0.086139444,0.808054383,0.010435473,0.009281725,0.033641383,0.047559818,0.1443858
185,Iowa,2015,0.005778409,0.086243704,0.80958746,0.013746263,0.00952993,0.034317398,0.040796836,0.14961570400000002
186,Iowa,2016,0.004651069,0.081656728,0.812459939,0.010776081,0.008813349,0.034385071,0.047257764,0.14028229799999997
187,Iowa,2017,0.005090457,0.079951224,0.814113812,0.008555248,0.009203136,0.031940552,0.051145572,0.134740617
188,Iowa,2018,0.003965456,0.081207513,0.815683695,0.010186817,0.007898812,0.029880659,0.051177048,0.133139257
189,Iowa,2019,0.00338551,0.08572304,0.801966251,0.011205338,0.008374119,0.031770689,0.057575054,0.140458696
190,Iowa,2020,,0.069610562,0.763232765,0.006036181,0.042011297,,0.119109195,0.11765804
191,Iowa,2021,0.003055811,0.074608878,0.744195345,0.004865495,0.010681799,0.028279314,0.134313359,0.12149129700000001
192,Kansas,2010,0.003804509,0.091494384,0.821266835,0.005223289,0.008350786,0.025791183,0.044069014,0.134664151
193,Kansas,2011,0.003899873,0.10049785,0.817499703,0.003716478,0.007978068,0.023327476,0.043080552,0.13941974499999998
194,Kansas,2012,0.002764653,0.097394428,0.821551331,0.005677657,0.009734978,0.022313825,0.040563128,0.13788554100000003
195,Kansas,2013,0.003829338,0.091061063,0.824263704,0.005084906,0.011106448,0.024765787,0.039888756,0.13584754200000002
196,Kansas,2014,0.003341555,0.095013953,0.821424842,0.004858218,0.010448841,0.024626686,0.040285905,0.138289253
197,Kansas,2015,0.00304544,0.088759807,0.826182866,0.006353273,0.010436256,0.023191602,0.042030756,0.131786378
198,Kansas,2016,0.004287193,0.088567041,0.822122308,0.00516236,0.010439392,0.02465171,0.044769998,0.133107696
199,Kansas,2017,0.003560305,0.087130003,0.8244151,0.004263282,0.010032445,0.023280694,0.047318171,0.128266729
200,Kansas,2018,0.002960327,0.093013643,0.820078779,0.004753112,0.009923054,0.021694656,0.047576429,0.132344792
201,Kansas,2019,0.0027486,0.084658946,0.827057134,0.004989606,0.007218873,0.022147637,0.051179205,0.121763662
202,Kansas,2020,,0.082626601,0.750808846,0.003774256,0.034462027,,0.128328271,0.120862884
203,Kansas,2021,0.002723156,0.078754693,0.74426182,0.002660201,0.011106673,0.022260912,0.138232543,0.117505635
204,Kentucky,2010,0.001780548,0.103431507,0.822162532,0.010898442,0.007756559,0.01741566,0.036554753,0.141282716
205,Kentucky,2011,0.002639297,0.094718259,0.830988917,0.011542578,0.009799792,0.021201049,0.029110108,0.13990097499999998
206,Kentucky,2012,0.002308119,0.097803549,0.827057978,0.010117254,0.009041215,0.023006958,0.030664928,0.14227709500000002
207,Kentucky,2013,0.002348024,0.095655057,0.82767604,0.010513876,0.009212633,0.022579709,0.032014661,0.140309299
208,Kentucky,2014,0.0026113,0.099545484,0.818539961,0.011449912,0.011553683,0.02421053,0.03208913,0.14937090900000002
209,Kentucky,2015,0.001964657,0.097270022,0.821368413,0.011443997,0.01175634,0.024730979,0.031465592,0.147165995
210,Kentucky,2016,0.00227903,0.092686106,0.82233959,0.010875418,0.013022436,0.021492528,0.037304892,0.140355518
211,Kentucky,2017,0.001829511,0.093669943,0.820070532,0.010524436,0.013444982,0.021027318,0.039433277,0.14049619
212,Kentucky,2018,0.001228016,0.093638643,0.823904633,0.009823111,0.011122375,0.019689988,0.040593234,0.135502133
213,Kentucky,2019,0.002416458,0.090405108,0.819541942,0.009877632,0.012075194,0.022673862,0.043009805,0.137448254
214,Kentucky,2020,,0.082142335,0.761790132,0.007141324,0.035046097,,0.113880112,0.124329756
215,Kentucky,2021,0.001507316,0.084245129,0.764215553,0.005348986,0.010043681,0.020133732,0.114505602,0.121278844
216,Louisiana,2010,0.003454651,0.106903194,0.816781373,0.014391014,0.016819879,0.019856349,0.021793541,0.16142508700000002
217,Louisiana,2011,0.00502555,0.101644838,0.820544613,0.013436137,0.016191436,0.021533658,0.021623768,0.157831619
218,Louisiana,2012,0.004327236,0.098791823,0.825316721,0.012471963,0.016673543,0.018536503,0.023882211,0.150801068
219,Louisiana,2013,0.005847502,0.096487316,0.826052931,0.01338818,0.017225541,0.017126268,0.023872262,0.150074807
220,Louisiana,2014,0.004919209,0.097823571,0.822318163,0.014498457,0.015537152,0.018553596,0.026349851,0.151331985
221,Louisiana,2015,0.005519439,0.089989004,0.828035059,0.014773114,0.013053439,0.02040326,0.028226685,0.143738256
222,Louisiana,2016,0.004957746,0.092543428,0.828709721,0.012746418,0.013548039,0.016585996,0.030908652,0.14038162699999998
223,Louisiana,2017,0.00597805,0.09224276,0.827094239,0.01069231,0.013755955,0.01684805,0.033388637,0.139517125
224,Louisiana,2018,0.00536114,0.090028029,0.827495676,0.011623994,0.013918903,0.018005205,0.033567054,0.138937271
225,Louisiana,2019,0.003671454,0.087776014,0.821204822,0.01175636,0.014977775,0.021254618,0.039358958,0.139436221
226,Louisiana,2020,,0.081700998,0.790812503,0.009546578,0.037930202,,0.080009719,0.129177778
227,Louisiana,2021,0.003504296,0.082876905,0.792795877,0.007489169,0.01499587,0.014286348,0.084051535,0.12315258800000001
228,Maine,2010,0.006658827,0.088715845,0.804621822,0.004886964,0.008722283,0.034854076,0.051540182,0.143837995
229,Maine,2011,0.003439916,0.09863259,0.788133794,0.006477374,0.011387692,0.037493662,0.054434973,0.157431234
230,Maine,2012,0.004390449,0.110362663,0.769070915,0.005693023,0.014428023,0.043464498,0.052590428,0.178338656
231,Maine,2013,0.004542485,0.106227083,0.77436023,0.006856642,0.011759919,0.039124499,0.057129143,0.168510628
232,Maine,2014,0.004953821,0.107422588,0.773153202,0.008159788,0.012753388,0.039456724,0.054100489,0.172746309
233,Maine,2015,0.003177891,0.08697709,0.796517522,0.006357354,0.011381943,0.038241567,0.057346634,0.14613584500000001
234,Maine,2016,0.00421605,0.089539478,0.792952663,0.006566921,0.008855723,0.040065669,0.057803495,0.149243841
235,Maine,2017,0.004875676,0.093689586,0.785550793,0.005804304,0.010061402,0.040785154,0.059233084,0.15521612199999998
236,Maine,2018,0.004622107,0.098845224,0.778350577,0.005987116,0.012046311,0.040628895,0.059519769,0.16212965299999998
237,Maine,2019,0.002711868,0.095314993,0.784797074,0.006371095,0.009859707,0.038064935,0.062880328,0.152322598
238,Maine,2020,,0.074281657,0.717919275,0.005614049,0.0424915,,0.159693519,0.122387206
239,Maine,2021,0.002878275,0.076895823,0.692471213,0.002576972,0.010161023,0.03757807,0.177438623,0.130090163
240,Maryland,2010,0.001992313,0.106789595,0.73024945,0.086247422,0.008866039,0.022794323,0.043060859,0.226689692
241,Maryland,2011,0.002603397,0.101099632,0.732543162,0.09196463,0.008142182,0.022840133,0.040806864,0.22664997399999998
242,Maryland,2012,0.003729817,0.098412121,0.733859167,0.088762297,0.008616074,0.02473371,0.041886814,0.224254019
243,Maryland,2013,0.00308594,0.090375994,0.740134189,0.091142643,0.009137002,0.023721319,0.042402913,0.217462898
244,Maryland,2014,0.003496198,0.092776766,0.738852386,0.09027176,0.009779489,0.023338614,0.041484788,0.219662827
245,Maryland,2015,0.00301238,0.08854819,0.737741984,0.090472368,0.010574818,0.025677369,0.04397289,0.21828512499999997
246,Maryland,2016,0.002869636,0.089973484,0.738166941,0.085041442,0.011942912,0.024580409,0.047425177,0.214407883
247,Maryland,2017,0.003860602,0.091042451,0.73744839,0.084732675,0.012597993,0.021426192,0.048891698,0.213659913
248,Maryland,2018,0.003436565,0.088276154,0.743465211,0.078999581,0.013018053,0.020958221,0.051846216,0.20468857399999998
249,Maryland,2019,0.0030886,0.086923526,0.738901857,0.080321826,0.013549506,0.022082436,0.055132249,0.205965894
250,Maryland,2020,,0.069119972,0.638231074,0.047582708,0.035773425,,0.209292821,0.152476105
251,Maryland,2021,0.002224846,0.069994358,0.622029416,0.029869484,0.018132938,0.017547814,0.240201144,0.13776944000000002
252,Massachusetts,2010,0.006261054,0.078222561,0.728185468,0.090536518,0.007711136,0.046744677,0.042338586,0.229475946
253,Massachusetts,2011,0.006913399,0.081829383,0.72183488,0.089426473,0.00883016,0.046260326,0.044905379,0.23325974100000002
254,Massachusetts,2012,0.008045661,0.078089251,0.719354612,0.094433804,0.00892418,0.049289334,0.041863157,0.23878222999999998
255,Massachusetts,2013,0.00798151,0.074433164,0.718071931,0.098861713,0.008658836,0.04765216,0.044340686,0.23758738299999999
256,Massachusetts,2014,0.008146314,0.074092417,0.712226274,0.097983385,0.010708932,0.048691499,0.048151179,0.239622547
257,Massachusetts,2015,0.007883114,0.074460519,0.701632498,0.105507834,0.012554557,0.050423412,0.047538067,0.25082943599999996
258,Massachusetts,2016,0.008612708,0.076222768,0.701041702,0.101174714,0.013468716,0.048097869,0.051381523,0.24757677499999997
259,Massachusetts,2017,0.009055725,0.07234456,0.700387701,0.104077033,0.013202154,0.048086775,0.052846051,0.246766247
260,Massachusetts,2018,0.008956534,0.074387898,0.697608238,0.102125168,0.013066717,0.050877137,0.052978309,0.24941345400000003
261,Massachusetts,2019,0.008866733,0.072843576,0.696233439,0.104249956,0.013452414,0.049916543,0.054437339,0.24932922200000002
262,Massachusetts,2020,,0.06050806,0.595354753,0.066088055,0.061698087,,0.216351045,0.18829420200000002
263,Massachusetts,2021,0.006352693,0.062941553,0.594840021,0.045049698,0.016697552,0.037016585,0.237101897,0.168058081
264,Michigan,2010,0.003771785,0.085903052,0.833319035,0.012744609,0.006943783,0.021788883,0.035528852,0.131152112
265,Michigan,2011,0.004591738,0.089955912,0.826418332,0.01432717,0.007590619,0.021918033,0.035198196,0.138383472
266,Michigan,2012,0.005079818,0.090006724,0.825420232,0.013098147,0.00782219,0.02184162,0.036731269,0.137848499
267,Michigan,2013,0.004634425,0.087742493,0.823795475,0.01530048,0.008449194,0.021594568,0.038483365,0.13772116
268,Michigan,2014,0.004237984,0.089338559,0.823091903,0.015322488,0.009150197,0.022306059,0.03655281,0.140355287
269,Michigan,2015,0.004419209,0.086816934,0.827834526,0.013316671,0.008502708,0.023177605,0.035932346,0.13623312699999998
270,Michigan,2016,0.004603803,0.088646193,0.82368923,0.014301327,0.007616097,0.020952502,0.040190848,0.136119922
271,Michigan,2017,0.004397403,0.08707341,0.824517623,0.012886113,0.007438858,0.021803271,0.041883321,0.13359905500000002
272,Michigan,2018,0.004203223,0.089297251,0.819921369,0.013632091,0.009146559,0.022708669,0.041090836,0.138987793
273,Michigan,2019,0.003450336,0.08877311,0.817767535,0.013998677,0.009247869,0.021668949,0.045093524,0.13713894100000001
274,Michigan,2020,,0.078490657,0.73600852,0.010961998,0.03414776,,0.140391065,0.123600415
275,Michigan,2021,0.003082071,0.072222966,0.724687142,0.008414163,0.009719238,0.017994652,0.163879768,0.11143309000000001
276,Minnesota,2010,0.006517373,0.085385854,0.781922148,0.034748381,0.009059643,0.028101573,0.054265029,0.163812824
277,Minnesota,2011,0.007100271,0.093056975,0.777315037,0.034460746,0.008724871,0.027325093,0.052017007,0.170667956
278,Minnesota,2012,0.008136482,0.089488877,0.78028358,0.03273479,0.007863232,0.028074935,0.053418104,0.16629831599999997
279,Minnesota,2013,0.007893278,0.085777607,0.783856583,0.035800068,0.008588036,0.02925773,0.048826698,0.167316719
280,Minnesota,2014,0.008866745,0.088149181,0.776997472,0.036550467,0.00907768,0.02912861,0.051229844,0.171772683
281,Minnesota,2015,0.008634035,0.083212426,0.781316902,0.036175425,0.008566576,0.027094694,0.054999942,0.163683156
282,Minnesota,2016,0.007039718,0.085876954,0.778295959,0.036243007,0.007981298,0.026195879,0.058367186,0.163336856
283,Minnesota,2017,0.007083748,0.081501088,0.780208205,0.036744041,0.009321806,0.026329677,0.058811436,0.16098036
284,Minnesota,2018,0.006388935,0.083987429,0.776912113,0.035491535,0.008865613,0.027556173,0.060798203,0.162289685
285,Minnesota,2019,0.006801645,0.082320319,0.776233782,0.034013295,0.009938864,0.026212322,0.064479772,0.159286445
286,Minnesota,2020,,0.065193551,0.685217333,0.021155483,0.037894892,,0.19053874,0.124243926
287,Minnesota,2021,0.004338165,0.07134968,0.664519477,0.013972151,0.011641797,0.025136668,0.209042062,0.126438461
288,Mississippi,2010,0.0007578,0.10008139,0.841467888,0.004383675,0.011706198,0.017361216,0.024241833,0.134290279
289,Mississippi,2011,0.000955592,0.106266693,0.837310385,0.004279542,0.011686243,0.016882706,0.022618839,0.140070776
290,Mississippi,2012,0.001289006,0.106779631,0.835213382,0.004468669,0.011253985,0.017038815,0.023956512,0.14083010599999998
291,Mississippi,2013,0.001347918,0.103302822,0.840464795,0.004461167,0.01583126,0.01530039,0.019291649,0.14024355700000002
292,Mississippi,2014,0.001073106,0.087347799,0.855272802,0.002657692,0.016180997,0.01409496,0.023372644,0.12135455400000002
293,Mississippi,2015,0.001571312,0.091791907,0.854214776,0.003211305,0.013347773,0.014826951,0.021035977,0.12474924800000001
294,Mississippi,2016,0.001016273,0.098226254,0.845747084,0.003044704,0.015717254,0.013791685,0.022456747,0.13179617
295,Mississippi,2017,0.000355576,0.09113619,0.85469439,0.003060261,0.014223053,0.013619726,0.022910804,0.122394806
296,Mississippi,2018,0.001409469,0.088809672,0.854775438,0.002503532,0.01242813,0.013710287,0.026363472,0.11886109
297,Mississippi,2019,0.000731214,0.089421855,0.848432263,0.002459243,0.016893224,0.010946343,0.031115858,0.12045187899999998
298,Mississippi,2020,,0.085679953,0.827862746,0.002305528,0.029366063,,0.054785711,0.117351544
299,Mississippi,2021,0.000493754,0.0779868,0.830434174,0.002346154,0.016032193,0.010194374,0.06251255,0.107053275
300,Missouri,2010,0.002603446,0.09268578,0.817485358,0.015631391,0.009424282,0.020535668,0.041634074,0.140880567
301,Missouri,2011,0.001813004,0.097250555,0.813925939,0.014222377,0.010331719,0.02037624,0.042080168,0.14399389499999998
302,Missouri,2012,0.002619707,0.097099231,0.813193991,0.012889706,0.010918434,0.019304203,0.043974728,0.142831281
303,Missouri,2013,0.003231331,0.092090937,0.816610906,0.016167829,0.010795016,0.019940298,0.041163683,0.14222541100000002
304,Missouri,2014,0.002635859,0.08868545,0.817660686,0.015618726,0.010596152,0.020790064,0.044013062,0.138326251
305,Missouri,2015,0.002077545,0.087092829,0.817981925,0.015599987,0.01052653,0.018864399,0.047856785,0.13416129
306,Missouri,2016,0.002363297,0.08663873,0.817397175,0.014320174,0.009211863,0.018347592,0.051721169,0.130881656
307,Missouri,2017,0.001721211,0.084243562,0.821569758,0.012803936,0.009769608,0.019380975,0.05051095,0.127919292
308,Missouri,2018,0.002207683,0.084307742,0.822384283,0.012854857,0.009959479,0.020430232,0.047855725,0.129759993
309,Missouri,2019,0.00240972,0.08391724,0.820730929,0.011463748,0.010078631,0.020782245,0.050617488,0.128651584
310,Missouri,2020,,0.076528678,0.75204261,0.008086744,0.032677537,,0.130664431,0.117292959
311,Missouri,2021,0.001381102,0.075810757,0.739296205,0.00767355,0.010337128,0.01843439,0.147066869,0.113636927
312,Montana,2010,0.010747895,0.097089827,0.756320884,0.008384358,0.010204304,0.051778197,0.065474534,0.178204581
313,Montana,2011,0.013466747,0.103971618,0.758099912,0.008765389,0.01063701,0.047538319,0.057521005,0.184379083
314,Montana,2012,0.015859491,0.107058925,0.744081094,0.009509803,0.009848537,0.048279083,0.065363066,0.190555839
315,Montana,2013,0.015180302,0.101006339,0.751392317,0.00683587,0.012903782,0.052763909,0.059917481,0.188690202
316,Montana,2014,0.011699847,0.104135393,0.747071966,0.010737318,0.008914656,0.046019124,0.071421696,0.181506338
317,Montana,2015,0.016271282,0.103974234,0.745117686,0.007796828,0.010544518,0.056158234,0.060137219,0.194745096
318,Montana,2016,0.012363216,0.091585719,0.759660777,0.00675383,0.009248233,0.056756751,0.063631473,0.176707749
319,Montana,2017,0.011098812,0.089187653,0.764817258,0.007858627,0.012302084,0.049377424,0.065358141,0.1698246
320,Montana,2018,0.011952772,0.094526551,0.748982082,0.007529489,0.009260338,0.054755855,0.072992913,0.178025005
321,Montana,2019,0.012074746,0.098955388,0.761739012,0.009247005,0.010939762,0.041759224,0.065284863,0.17297612499999998
322,Montana,2020,,0.088342842,0.703973332,0.006782496,0.06453066,,0.136370669,0.15965599800000002
323,Montana,2021,0.012232047,0.086840842,0.712509588,0.004093289,0.008253524,0.035632652,0.140438058,0.147052354
324,Nebraska,2010,0.004104646,0.097906978,0.813897406,0.005751062,0.007585238,0.027601626,0.043153045,0.14294955
325,Nebraska,2011,0.004588392,0.093425416,0.812513621,0.007073682,0.007928235,0.027812698,0.046657957,0.140828423
326,Nebraska,2012,0.006549176,0.100229855,0.802105032,0.006487909,0.00775021,0.028074838,0.04880298,0.149091988
327,Nebraska,2013,0.004655027,0.093141405,0.814842444,0.007892487,0.008261285,0.027424114,0.043783239,0.141374318
328,Nebraska,2014,0.004486191,0.095354038,0.817465452,0.006588221,0.007115279,0.028576862,0.040413957,0.14212059100000002
329,Nebraska,2015,0.004859318,0.089591943,0.819537887,0.007766901,0.010468119,0.028423879,0.039351954,0.14111015999999998
330,Nebraska,2016,0.005531679,0.089886441,0.820365692,0.005959719,0.009480531,0.024611812,0.044164125,0.135470182
331,Nebraska,2017,0.002777335,0.090785129,0.816999937,0.006890158,0.008150393,0.027362967,0.047034082,0.135965982
332,Nebraska,2018,0.003227465,0.087137493,0.820760619,0.005656936,0.007560156,0.024690156,0.050967175,0.128272206
333,Nebraska,2019,0.003100069,0.089624356,0.817877931,0.008148667,0.007345686,0.027526097,0.046377194,0.135744875
334,Nebraska,2020,,0.079602036,0.766439641,0.003801043,0.038108958,,0.112048321,0.121512037
335,Nebraska,2021,0.003050761,0.080103019,0.749704925,0.004216209,0.010705883,0.02399318,0.128226024,0.122069052
336,Nevada,2010,0.006202352,0.109796996,0.782636456,0.032848648,0.013710373,0.017832606,0.03697257,0.18039097499999998
337,Nevada,2011,0.003799231,0.111165475,0.785781125,0.034750331,0.016402908,0.02056385,0.02753708,0.18668179499999998
338,Nevada,2012,0.004088478,0.108816166,0.780305752,0.036212588,0.01675347,0.02294086,0.030882685,0.18881156200000002
339,Nevada,2013,0.004193298,0.105428503,0.783823354,0.033660299,0.015025114,0.022267718,0.035601715,0.180574932
340,Nevada,2014,0.004767364,0.104407624,0.775602505,0.042520201,0.019835362,0.020734127,0.032132817,0.192264678
341,Nevada,2015,0.004506505,0.105284611,0.777959191,0.037173723,0.016711179,0.021782708,0.036582083,0.185458726
342,Nevada,2016,0.00370644,0.1017339,0.787685709,0.033955301,0.013951142,0.016777801,0.042189705,0.17012458400000002
343,Nevada,2017,0.003571197,0.098022189,0.785072269,0.030843905,0.020120333,0.019390266,0.042979843,0.17194788999999996
344,Nevada,2018,0.002250541,0.104609159,0.782727816,0.029255632,0.021999372,0.017529129,0.041628352,0.17564383299999997
345,Nevada,2019,0.002487274,0.106200596,0.769742313,0.030649463,0.026218364,0.015934572,0.048767417,0.18149026899999998
346,Nevada,2020,,0.096356479,0.720855646,0.027366706,0.037773938,,0.117647231,0.161497123
347,Nevada,2021,0.001959589,0.102511959,0.704089307,0.019849196,0.028735653,0.013115867,0.12973843,0.16617226400000001
348,New Hampshire,2010,0.001570023,0.077154363,0.815833865,0.009135498,0.009432125,0.028178024,0.058696102,0.125470033
349,New Hampshire,2011,0.0017927,0.086258205,0.805987587,0.007473307,0.011121294,0.028096058,0.05927085,0.134741564
350,New Hampshire,2012,0.002731708,0.072337102,0.819228861,0.00667718,0.009702731,0.031018912,0.058303506,0.122467633
